500 100
500 900
100 100
100 100
100 100
100 100
100 100
100 100
100 100
100 100
100 100
100 100
100 100
100 300
100 200
100 200
100 100
100 100
200 600
200 400
200 600
200 400
100 900
100 100
100 200
100 800
100 800
100 100
100 100
200 200
200 800
100 300
100 200
100 500
100 700
100 300
200 300
200 700
100 100
100 100
100 100
100 200
100 200
100 100
100 200
200 200
200 800
100 1000
100 200
100 100
100 600
100 100
100 1000
100 100
100 200
100 700
100 200
100 800
100 1000
100 1000
300 100
300 500
300 400
200 100
200 300
200 100
200 200
200 100
200 100
200 100
100 200
100 800
200 100
200 100
200 100
200 200
200 100
200 100
200 300
100 700
100 300
100 1000
100 1000
100 1000
300 600
300 400
300 100
300 100
300 100
300 100
300 100
300 100
300 100
300 100
300 100
300 100
200 800
200 200
400 100
400 100
400 100
400 100
400 100
400 100
400 100
400 100
400 100
400 100
100 100
100 100
100 200
100 300
100 100
100 100
100 100
100 1000
100 1000
100 1000
100 1000
100 1000
100 100
100 300
100 100
100 100
100 400
100 100
100 900
100 700
100 300
100 1000
100 1000
100 1000
100 100
100 200
100 100
100 100
100 100
100 200
100 100
100 100
300 800
300 200
200 600
200 400
400 100
400 200
400 100
400 100
400 100
400 200
400 200
200 300
200 200
200 200
200 100
200 200
500 200
500 100
500 500
500 100
500 100
100 300
100 200
100 100
100 100
100 100
100 100
100 100
200 700
200 300
100 200
100 200
100 200
100 200
100 100
100 100
100 600
100 400
100 1000
100 1000
200 100
200 100
200 100
200 100
200 100
200 100
200 100
200 100
200 100
200 100
400 100
400 900
100 200
100 100
100 100
100 100
100 100
100 400
100 1000
100 1000
200 300
200 300
200 400
100 1000
100 100
100 400
100 200
100 100
100 200
100 1000
300 1000
100 300
100 100
100 200
100 100
100 300
100 200
100 100
100 100
100 100
100 200
100 100
100 100
100 100
100 600
100 400
400 700
400 300
300 100
300 500
300 400
100 100
100 100
100 100
100 300
100 100
100 100
100 100
100 100
200 1000
100 100
100 400
100 100
100 100
100 300
100 1000
100 1000
100 200
100 800
100 1000
100 200
100 800
100 100
100 900
100 400
100 600
100 100
100 100
100 100
100 200
100 200
100 300
200 1000
100 1000
100 1000
200 900
200 100
300 100
300 100
300 100
300 100
300 100
300 100
300 100
300 100
300 200
500 100
500 100
500 100
500 100
500 100
500 200
500 100
500 100
500 100
100 100
100 600
100 300
200 200
200 300
200 100
200 100
200 300
300 500
300 500
100 100
100 100
100 500
100 100
100 200
400 100
400 100
400 100
400 100
400 200
400 100
400 200
400 100
200 200
200 100
200 200
200 500
200 300
200 100
200 200
200 100
200 100
200 100
200 100
100 1000
100 800
100 200
100 1000
100 1000
200 200
200 200
200 200
200 100
200 300
100 100
100 400
100 400
100 100
200 800
200 200
100 1000
100 100
100 200
100 200
100 300
100 200
100 700
100 300
100 600
100 400
200 100
200 900
100 1000
100 100
100 900
100 100
100 100
100 500
100 300
100 1000
100 100
100 500
100 400
100 1000
100 1000
100 100
100 200
100 100
100 100
100 100
100 100
100 300
100 1000
100 1000
100 1000
100 1000
100 1000
100 100
100 100
100 200
100 100
100 100
100 100
100 100
100 100
100 100
100 1000
100 1000
300 1000
100 100
100 100
100 200
100 200
100 100
100 100
100 200
100 1000
100 1000
100 1000
100 1000
100 1000
100 600
100 300
100 100
200 100
200 200
200 700
100 300
100 100
100 600
200 300
200 300
200 400
400 200
400 800
200 100
200 100
200 100
200 100
200 100
200 100
200 100
200 100
200 100
200 100
100 700
100 300
100 100
100 100
100 800
100 900
100 100
200 100
200 300
200 300
200 300
100 1000
100 100
100 100
100 200
100 100
100 500
100 300
100 400
100 300
100 1000
100 1000
100 1000
100 1000
100 100
100 200
100 100
100 100
100 100
100 100
100 100
100 200
100 100
100 900
300 1000
100 1000
100 1000
100 100
100 100
100 300
100 300
100 200
100 900
100 100
300 100
300 100
300 100
300 700
200 100
200 100
200 100
200 200
200 200
200 100
200 200
200 600
200 100
200 100
200 200
200 1000
200 100
200 100
200 200
200 200
200 100
200 100
200 100
200 100
100 1000
100 1000
100 1000
100 1000
100 100
100 400
100 400
100 100
100 300
100 200
100 500
200 1000
200 300
200 200
200 200
200 300
300 300
300 100
300 200
300 100
300 200
300 100
100 300
100 400
100 200
100 100
100 1000
100 1000
200 400
200 400
200 200
400 100
400 100
400 200
400 100
400 100
400 100
400 100
400 100
400 100
300 200
300 100
300 100
300 100
300 100
300 200
300 100
300 100
100 100
100 900
100 1000
100 1000
500 100
500 100
500 100
500 100
500 100
500 200
500 100
500 100
500 100
100 700
100 200
100 100
100 300
100 100
100 200
100 300
100 100
200 100
200 300
200 100
200 500
100 1000
100 1000
100 1000
400 200
400 400
400 400
200 100
200 100
200 100
200 100
200 100
200 100
200 200
200 100
200 100
100 100
100 200
100 100
100 100
100 300
100 100
100 100
100 1000
100 1000
100 1000
100 1000
100 1000
200 700
200 300
400 100
400 100
400 100
400 100
400 100
400 100
400 100
400 100
400 100
400 100
200 100
200 300
200 200
200 200
200 100
200 100
200 300
200 600
200 100
100 1000
100 700
100 300
200 100
200 100
200 100
200 100
200 100
200 100
200 100
200 200
200 100
400 100
400 300
400 600
100 300
100 300
100 400
100 900
100 100
100 500
100 100
100 100
100 300
100 1000
100 1000
100 1000
300 100
300 100
300 100
300 100
300 100
300 100
300 100
300 100
300 100
300 100
300 200
300 800
300 300
300 200
300 500
300 100
300 100
300 100
300 100
300 100
300 100
300 100
300 100
300 200
100 200
100 100
100 100
100 200
100 100
100 100
100 100
100 100
100 1000
100 1000
100 1000
200 1000
100 100
100 200
100 100
100 100
100 300
100 200
300 500
300 400
300 100
200 100
200 200
200 700
300 100
300 100
300 400
300 400
200 400
200 100
200 200
200 300
100 100
100 100
100 700
100 100
100 800
100 200
400 100
400 100
400 800
100 300
100 200
100 100
100 100
100 100
100 100
100 100
200 700
200 300
400 100
400 100
400 100
400 100
400 100
400 100
400 100
400 100
400 100
400 100
400 600
400 400
200 100
200 100
200 100
200 100
200 100
200 100
200 100
200 100
200 100
200 100
100 300
100 300
100 300
100 100
100 200
100 300
100 400
100 100
400 300
400 500
400 100
400 100
100 100
100 300
100 200
100 100
100 100
100 200
500 100
500 100
500 200
500 100
500 100
500 400
400 200
400 100
400 100
400 100
400 100
400 200
400 100
400 100
200 300
200 100
200 400
200 200
400 100
400 100
400 100
400 100
400 200
400 100
400 300
100 1000
100 100
100 200
100 100
100 600
400 100
400 100
400 100
400 100
400 100
400 100
400 100
400 100
400 100
400 100
200 600
200 400
100 700
100 300
100 100
100 200
100 300
100 100
100 300
200 1000
100 300
100 400
100 300
100 1000
100 100
100 100
100 100
100 100
100 100
100 100
100 100
100 300
100 400
100 600
200 1000
200 1000
100 300
100 100
100 100
100 100
100 100
100 200
100 100
100 1000
100 1000
100 1000
100 1000
100 1000
300 300
300 700
300 100
300 100
300 100
300 100
300 100
300 100
300 100
300 100
300 100
300 100
100 200
100 200
100 200
100 200
100 100
100 100
200 200
200 100
200 100
200 600
300 700
300 300
100 500
100 100
100 400
100 800
100 100
100 100
100 1000
100 1000
100 300
100 700
100 100
100 900
100 300
100 100
100 100
100 100
100 100
100 100
100 200
100 300
100 500
100 200
100 1000
300 1000
100 100
100 100
100 100
100 300
100 100
100 100
100 100
100 100
400 800
400 200
100 400
100 600
100 500
100 100
100 400
100 400
100 200
100 100
100 100
100 100
100 100
100 1000
200 1000
100 1000
100 100
100 100
100 100
100 200
100 500
100 200
100 800
100 1000
100 300
100 700
100 1000
100 1000
300 900
300 100
200 1000
100 100
100 100
100 100
100 200
100 100
100 100
100 100
100 100
100 100
100 100
100 200
100 100
100 100
100 100
100 200
100 100
100 100
500 100
500 100
500 300
500 500
300 100
300 100
300 100
300 100
300 100
300 100
300 100
300 300
300 300
300 300
300 100
300 300
100 100
100 200
100 100
100 100
100 100
100 100
100 100
100 200
100 1000
200 1000
100 1000
100 1000
100 300
100 200
100 100
100 100
100 100
100 100
100 100
500 100
500 400
500 100
500 200
500 200
100 100
100 100
100 100
100 100
100 100
100 200
100 100
100 100
100 100
500 100
500 300
500 600
300 100
300 200
300 100
300 200
300 100
300 100
300 100
300 100
300 200
300 100
300 500
300 200
100 100
100 300
100 100
100 200
100 300
200 100
200 100
200 800
100 900
100 100
200 600
200 400
300 200
300 100
300 200
300 100
300 100
300 100
300 100
300 100
300 600
300 100
300 100
300 200
200 600
200 400
400 100
400 100
400 100
400 100
400 100
400 100
400 100
400 100
400 100
400 100
100 200
100 100
100 100
100 200
100 100
100 300
100 400
100 600
100 1000
100 1000
100 1000
100 1000
100 200
100 100
100 200
100 300
100 200
100 200
100 300
100 500
100 1000
100 800
100 200
200 1000
200 500
200 500
400 100
400 100
400 100
400 100
400 100
400 100
400 100
400 100
400 100
400 100
100 200
100 300
100 400
100 100
100 200
100 200
100 600
100 900
100 100
100 1000
100 1000
100 1000
400 200
400 400
400 400
200 100
200 100
200 100
200 100
200 100
200 200
200 100
200 100
200 100
300 200
300 200
300 500
300 100
100 200
100 100
100 300
100 100
100 100
100 100
100 100
200 1000
300 200
300 600
300 100
300 100
100 500
100 100
100 100
100 300
100 800
100 200
100 200
100 800
100 1000
100 1000
300 100
300 100
300 200
300 200
300 200
300 200
100 600
100 200
100 100
100 100
100 600
100 400
500 100
500 100
500 100
500 100
500 100
500 100
500 100
500 100
500 100
500 100
100 300
100 400
100 200
100 100
100 100
100 100
100 400
100 100
100 300
200 1000
100 1000
100 1000
100 100
100 200
100 100
100 100
100 100
100 100
100 100
100 100
100 100
100 500
100 500
400 1000
200 1000
200 100
200 200
200 100
200 200
200 100
200 100
200 100
200 100
100 1000
100 700
100 300
100 100
100 300
100 100
100 500
100 1000
200 700
200 300
200 100
200 200
200 200
200 200
200 300
200 400
200 100
200 100
200 200
200 100
200 100
100 200
100 700
100 100
100 1000
100 1000
100 1000
