200 300
200 1200
200 500
100 2000
100 2000
100 2000
100 2000
100 2000
100 2000
200 2000
100 2000
100 2000
200 300
200 100
200 100
200 300
200 900
200 200
200 100
100 2000
400 2000
200 2000
100 2000
200 2000
100 1300
100 600
100 100
100 1000
100 1000
200 1000
200 1000
200 2000
300 2000
100 2000
100 2000
100 2000
800 600
800 200
800 700
800 300
800 200
200 100
200 1900
200 100
200 100
200 1400
200 200
200 200
200 900
200 100
200 1000
100 100
100 1900
100 1700
100 300
100 700
100 1300
100 2000
200 2000
400 2000
100 200
100 1600
100 200
200 800
200 1200
100 2000
100 2000
100 2000
200 2000
200 2000
100 2000
100 2000
100 100
100 1900
300 2000
300 500
300 400
300 100
300 700
300 300
100 2000
300 1300
300 700
100 2000
100 500
100 100
100 100
100 500
100 100
100 700
100 2000
100 1200
100 800
300 2000
100 2000
500 2000
100 400
100 200
100 200
100 1100
100 100
200 2000
100 2000
200 2000
200 300
200 1700
200 2000
200 2000
100 300
100 100
100 500
100 500
100 600
100 2000
400 2000
200 2000
100 2000
100 2000
100 2000
100 2000
100 2000
200 2000
100 100
100 1800
100 100
100 2000
100 2000
100 400
100 1600
100 2000
100 2000
300 2000
200 400
200 400
200 300
200 200
200 600
200 100
200 2000
100 2000
200 2000
200 2000
100 2000
200 2000
100 2000
100 2000
100 2000
100 2000
100 2000
100 2000
100 2000
100 2000
100 2000
100 2000
100 2000
100 2000
200 2000
200 400
200 600
200 900
200 100
200 100
200 1900
100 600
100 1400
200 2000
200 2000
100 2000
400 1000
400 100
400 200
400 100
400 500
400 100
100 900
100 1100
300 2000
200 2000
100 2000
100 2000
300 100
300 600
300 200
300 600
300 400
300 100
200 1100
200 900
100 500
100 1500
300 2000
300 2000
100 1900
100 100
100 2000
200 2000
100 2000
100 2000
100 2000
100 2000
100 2000
100 2000
100 2000
100 2000
200 200
200 600
200 700
200 100
200 400
300 200
300 300
300 1000
300 100
300 400
100 2000
600 2000
100 900
100 700
100 400
600 1800
600 200
300 100
300 900
300 1000
200 400
200 300
200 1200
200 100
100 2000
100 2000
100 1200
100 800
100 2000
100 2000
200 2000
100 2000
100 2000
100 2000
100 2000
100 2000
200 1500
200 500
100 100
100 100
100 200
100 200
100 500
100 100
100 500
100 300
600 2000
300 2000
200 700
200 100
200 1200
200 1800
200 200
100 2000
100 2000
100 2000
100 2000
200 100
200 1900
200 2000
200 100
200 400
200 600
200 900
200 2000
100 2000
100 2000
200 2000
100 2000
100 2000
100 2000
100 2000
100 500
100 1500
100 700
100 800
100 500
100 2000
300 2000
100 2000
100 2000
100 2000
100 2000
200 2000
100 700
100 600
100 100
100 600
100 2000
100 2000
100 1900
100 100
100 2000
100 2000
400 2000
200 2000
1200 100
1200 400
1200 200
1200 200
1200 100
1200 100
1200 100
1200 300
1200 100
1200 200
1200 100
1200 100
200 700
200 1300
100 2000
100 200
100 800
100 800
100 200
200 2000
100 2000
200 2000
300 1400
300 600
400 500
400 300
400 300
400 300
400 600
100 200
100 1000
100 800
100 2000
100 2000
300 2000
200 2000
200 1000
200 300
200 600
200 100
100 400
100 1600
100 2000
100 2000
200 2000
100 2000
200 2000
200 2000
400 200
400 300
400 300
400 100
400 100
400 100
400 200
400 300
400 400
200 600
200 1400
600 2000
200 2000
100 100
100 100
100 900
100 400
100 200
100 100
100 200
400 2000
100 2000
100 2000
300 2000
200 700
200 600
200 600
200 100
200 100
200 700
200 600
200 300
200 300
100 2000
200 2000
500 2000
200 2000
100 2000
100 1800
100 200
100 2000
100 2000
100 2000
100 2000
100 2000
100 2000
100 2000
100 2000
100 2000
100 600
100 1400
100 700
100 800
100 500
300 2000
100 2000
100 2000
100 2000
100 2000
200 2000
300 700
300 1200
300 100
200 2000
700 100
700 200
700 400
700 100
700 300
700 400
700 300
700 200
1200 300
1200 100
1200 100
1200 100
1200 300
1200 100
1200 100
1200 200
1200 100
1200 200
1200 300
1200 100
100 800
100 1200
200 2000
100 2000
100 2000
100 2000
100 2000
100 2000
100 2000
100 2000
100 2000
100 2000
200 700
200 100
200 100
200 500
200 100
200 100
200 100
200 200
200 100
1000 500
1000 300
1000 1200
200 2000
100 200
100 400
100 300
100 100
100 100
100 900
100 2000
400 2000
200 2000
100 2000
100 2000
100 1200
100 700
100 100
100 1100
100 900
100 2000
100 2000
200 2000
100 2000
300 2000
100 2000
100 2000
400 1300
400 700
100 2000
300 2000
100 700
100 1300
200 100
200 500
200 900
200 500
100 500
100 1500
300 1000
300 600
300 400
500 2000
100 200
100 1800
100 2000
200 200
200 600
200 300
200 200
200 700
100 2000
100 2000
100 2000
100 2000
100 2000
100 2000
100 2000
100 2000
100 2000
100 2000
100 2000
100 2000
300 300
300 300
300 100
300 200
300 200
300 300
300 100
300 100
300 400
100 300
100 1700
800 2000
100 2000
100 2000
200 300
200 1700
100 2000
100 2000
100 2000
100 2000
100 2000
100 2000
100 2000
100 2000
100 2000
100 2000
100 2000
100 2000
100 2000
100 2000
100 2000
100 2000
100 2000
100 2000
100 2000
100 2000
400 200
400 400
400 600
400 700
400 100
500 200
500 1000
500 200
500 100
500 400
500 100
300 2000
100 500
100 1500
100 100
100 500
100 1400
100 2000
400 1800
400 200
100 2000
100 2000
100 2000
200 2000
400 200
400 800
400 200
400 300
400 500
100 1100
100 900
300 2000
100 2000
100 2000
100 2000
100 2000
100 2000
100 1800
100 200
100 2000
100 2000
100 2000
100 2000
100 2000
100 2000
100 2000
200 2000
100 2000
600 100
600 100
600 100
600 200
600 400
600 100
600 100
600 100
600 300
600 100
600 400
600 2000
100 2000
600 300
600 1700
500 400
500 100
500 200
500 100
500 100
500 100
500 100
500 700
500 200
200 300
200 200
200 300
200 300
200 100
200 600
200 100
200 100
200 2000
100 2000
100 2000
600 2000
100 600
100 1400
100 400
100 1600
100 600
100 800
100 600
100 2000
200 2000
600 200
600 700
600 1100
400 300
400 200
400 100
400 100
400 200
400 100
400 100
400 100
400 800
100 2000
200 2000
500 2000
200 2000
100 200
100 100
100 200
100 300
100 1200
200 2000
100 100
100 1900
200 2000
100 2000
300 2000
100 100
100 200
100 200
100 300
100 500
100 100
100 500
100 100
100 2000
400 2000
300 2000
300 2000
100 2000
100 100
100 1900
100 2000
100 1600
100 400
100 2000
100 2000
100 2000
300 2000
100 2000
100 2000
400 1300
400 100
400 100
400 300
400 200
100 2000
700 600
700 100
700 100
700 100
700 900
700 200
700 200
700 400
700 800
700 100
700 300
700 200
200 700
200 100
200 100
200 300
200 800
300 2000
200 800
200 100
200 200
200 900
100 700
100 1300
200 1800
200 100
200 100
100 2000
500 2000
100 2000
100 600
100 200
100 800
100 400
100 2000
100 2000
100 2000
100 2000
100 2000
200 2000
100 2000
300 2000
300 300
300 1200
300 500
200 2000
100 1600
100 400
200 900
200 200
200 700
200 200
100 2000
300 2000
200 1600
200 400
100 500
100 400
100 1100
300 2000
100 2000
100 2000
100 2000
100 2000
100 2000
100 2000
200 200
200 300
200 1500
100 400
100 1600
100 1600
100 300
100 100
500 2000
100 2000
100 2000
100 2000
500 100
500 400
500 200
500 1300
100 700
100 1300
600 500
600 100
600 300
600 400
600 600
600 100
1000 1600
1000 400
200 300
200 200
200 200
200 400
200 100
200 200
200 100
200 100
200 100
200 300
300 2000
300 400
300 500
300 500
300 200
300 400
100 800
100 1200
100 2000
400 1600
400 300
400 100
200 1100
200 400
200 500
100 400
100 400
100 800
100 400
300 2000
100 2000
200 2000
100 2000
200 2000
100 2000
100 2000
100 2000
100 2000
100 2000
100 2000
100 2000
100 2000
100 2000
100 2000
100 2000
100 2000
200 2000
100 900
100 1100
100 200
100 1800
200 2000
100 2000
100 2000
100 2000
100 2000
100 2000
100 2000
100 600
100 1400
100 2000
100 2000
100 2000
100 2000
100 2000
200 2000
100 2000
100 2000
100 2000
100 2000
300 400
300 800
300 100
300 700
100 1600
100 400
200 2000
100 1500
100 500
200 2000
200 2000
100 2000
300 1700
300 300
200 600
200 600
200 300
200 500
100 100
100 1900
100 2000
100 2000
300 2000
100 2000
1200 400
1200 200
1200 200
1200 300
1200 200
1200 100
1200 100
1200 100
1200 100
1200 100
1200 100
1200 100
100 1500
100 500
100 2000
100 2000
100 2000
200 2000
100 2000
100 2000
100 2000
100 2000
100 2000
100 2000
500 600
500 200
500 1200
400 1100
400 300
400 500
400 100
300 800
300 300
300 500
300 200
300 200
100 400
100 800
100 200
100 100
100 400
100 100
300 2000
200 2000
100 2000
100 2000
200 2000
200 2000
100 700
100 200
100 500
100 100
100 500
100 2000
200 2000
100 2000
200 2000
100 2000
100 2000
300 2000
300 1500
300 500
100 1500
100 500
100 2000
100 2000
100 2000
100 2000
100 2000
100 2000
100 2000
100 2000
100 300
100 400
100 1200
100 100
100 2000
100 2000
200 2000
100 2000
100 2000
100 2000
200 2000
200 2000
1200 100
1200 100
1200 100
1200 300
1200 200
1200 300
1200 300
1200 100
1200 100
1200 100
1200 100
1200 200
100 100
100 800
100 500
100 300
100 300
200 500
200 1500
200 2000
200 2000
200 2000
100 2000
200 2000
1200 300
1200 100
1200 100
1200 100
1200 100
1200 100
1200 100
1200 200
1200 200
1200 300
1200 300
1200 100
300 400
300 1400
300 200
300 100
300 1900
100 100
100 100
100 200
100 1600
400 2000
100 600
100 1400
200 900
200 400
200 200
200 500
200 1300
200 700
100 2000
100 2000
300 2000
100 1100
100 900
200 2000
100 100
100 100
100 400
100 1000
100 100
100 300
200 900
200 1100
100 2000
400 2000
100 2000
300 2000
500 400
500 300
500 400
500 300
500 100
500 500
100 2000
100 2000
200 2000
100 2000
100 2000
100 2000
1200 100
1200 200
1200 100
1200 200
1200 100
1200 100
1200 100
1200 300
1200 300
1200 200
1200 200
1200 100
500 100
500 900
500 1000
700 100
700 100
700 300
700 400
700 300
700 200
700 100
700 200
700 300
300 200
300 100
300 100
300 300
300 500
300 300
300 500
900 100
900 100
900 100
900 600
900 1100
100 2000
100 700
100 300
100 300
100 700
100 2000
100 2000
100 2000
200 2000
100 2000
300 2000
100 2000
100 900
100 500
100 500
100 100
100 200
100 1800
100 2000
300 2000
100 2000
200 2000
100 2000
200 2000
100 800
100 1200
100 2000
100 2000
100 2000
100 1000
100 800
100 200
100 2000
100 2000
200 2000
300 2000
200 2000
100 100
100 100
100 300
100 200
100 100
100 900
100 300
200 2000
300 2000
100 2000
300 2000
100 2000
100 1000
100 1000
400 500
400 900
400 600
100 2000
100 2000
100 2000
100 2000
200 1500
200 500
1200 100
1200 100
1200 100
1200 100
1200 100
1200 600
1200 100
1200 300
1200 100
1200 100
1200 200
1200 100
1200 500
1200 100
1200 100
1200 200
1200 100
1200 200
1200 200
1200 100
1200 100
1200 100
1200 200
1200 100
200 200
200 300
200 100
200 200
200 400
200 100
200 200
200 300
200 200
400 2000
600 1600
600 400
200 800
200 800
200 400
200 1900
200 100
200 900
200 1100
200 1900
200 100
200 2000
100 2000
100 2000
100 400
100 300
100 800
100 100
100 400
400 1100
400 900
700 100
700 500
700 800
700 500
700 100
