100 2000
100 2000
100 2000
100 2000
100 2000
100 2000
100 2000
100 2000
100 2000
100 2000
100 2000
100 2000
200 1200
200 100
200 200
200 500
100 400
100 400
100 500
100 700
500 2000
100 2000
200 2000
100 2000
1200 300
1200 100
1200 100
1200 100
1200 200
1200 100
1200 300
1200 200
1200 100
1200 200
1200 100
1200 200
100 2000
100 1500
100 500
100 2000
100 2000
100 2000
100 2000
100 2000
100 2000
100 2000
200 2000
100 2000
300 600
300 600
300 500
300 100
300 200
300 2000
600 100
600 400
600 900
600 300
600 200
600 100
100 2000
100 2000
100 2000
100 2000
100 2000
100 2000
100 2000
100 2000
100 2000
100 2000
100 2000
100 2000
1200 100
1200 100
1200 200
1200 100
1200 100
1200 100
1200 200
1200 200
1200 100
1200 300
1200 100
1200 400
100 2000
100 2000
200 2000
100 1400
100 200
100 400
100 1500
100 500
100 2000
100 2000
100 2000
300 2000
100 2000
100 100
100 1400
100 500
100 2000
100 600
100 1300
100 100
100 2000
500 1900
500 100
200 2000
100 500
100 1500
200 2000
500 100
500 500
500 500
500 900
100 1500
100 100
100 300
100 100
300 2000
200 200
200 700
200 300
200 700
200 100
300 2000
200 2000
100 900
100 1100
200 2000
100 2000
100 2000
600 100
600 200
600 100
600 200
600 200
600 300
600 200
600 100
600 200
600 400
300 2000
300 2000
300 2000
200 2000
100 100
100 300
100 600
100 100
100 400
100 500
400 300
400 1700
200 200
200 1800
100 800
100 300
100 200
100 100
100 300
100 200
100 100
500 200
500 1800
100 2000
200 2000
300 2000
100 2000
100 2000
100 2000
100 2000
100 2000
100 2000
100 2000
100 2000
100 2000
100 2000
100 2000
100 2000
100 700
100 300
100 400
100 600
200 2000
400 1100
400 900
200 500
200 1500
100 2000
100 2000
100 2000
800 300
800 1500
800 100
800 100
300 700
300 100
300 500
300 100
300 300
300 100
300 200
100 2000
1000 200
1000 100
1000 500
1000 100
1000 200
1000 200
1000 100
1000 100
1000 100
1000 200
1000 200
200 2000
100 1800
100 200
100 800
100 1200
100 2000
200 2000
100 2000
100 2000
100 2000
100 2000
200 2000
100 2000
200 100
200 100
200 1200
200 600
100 1600
100 200
100 200
100 2000
400 2000
100 2000
100 2000
200 2000
200 1100
200 900
100 1000
100 400
100 600
200 2000
100 2000
200 2000
100 2000
100 2000
100 2000
100 2000
300 1200
300 800
500 1500
500 100
500 400
300 1100
300 200
300 100
300 100
300 500
100 1300
100 700
100 1200
100 800
300 600
300 1400
100 2000
100 2000
200 2000
100 2000
100 2000
100 400
100 1600
100 2000
100 2000
100 2000
100 2000
100 2000
100 2000
100 2000
100 2000
100 2000
100 2000
100 2000
100 2000
100 2000
100 1300
100 600
100 100
300 2000
100 2000
100 2000
100 2000
100 2000
100 2000
100 2000
100 2000
100 2000
200 100
200 300
200 400
200 300
200 200
200 500
200 200
1000 400
1000 400
1000 200
1000 500
1000 500
100 2000
100 2000
100 2000
100 2000
100 2000
100 2000
100 2000
100 2000
100 2000
100 2000
100 2000
100 2000
100 2000
100 2000
100 2000
100 2000
100 2000
100 2000
100 2000
100 2000
100 2000
100 2000
100 2000
100 2000
300 900
300 1100
900 300
900 500
900 100
900 100
900 200
900 200
900 200
900 100
900 100
900 200
300 100
300 800
300 200
300 500
300 400
100 2000
500 600
500 100
500 800
500 500
200 2000
100 2000
700 100
700 100
700 100
700 800
700 100
700 300
700 100
700 100
700 300
500 1600
500 300
500 100
100 200
100 600
100 1000
100 100
100 100
100 2000
200 2000
300 2000
200 600
200 1400
200 2000
100 2000
100 2000
100 2000
100 2000
100 900
100 1100
100 2000
200 2000
100 2000
100 2000
100 2000
100 2000
100 2000
100 1500
100 500
100 2000
100 2000
100 2000
100 2000
100 2000
100 2000
200 2000
100 2000
100 2000
100 2000
300 100
300 800
300 300
300 600
300 200
100 2000
100 1900
100 100
400 2000
100 2000
100 2000
100 2000
500 100
500 400
500 100
500 200
500 500
500 100
500 200
500 300
500 100
300 2000
400 1800
400 200
100 800
100 1200
100 2000
100 2000
100 2000
100 2000
200 2000
100 2000
100 2000
100 2000
100 2000
100 2000
100 100
100 200
100 1500
100 200
200 2000
200 2000
100 600
100 1200
100 200
200 2000
100 2000
300 2000
400 200
400 200
400 200
400 600
400 100
400 500
400 100
400 100
100 1600
100 100
100 300
700 2000
100 2000
100 2000
100 2000
100 2000
100 2000
100 2000
100 2000
100 2000
100 2000
100 2000
100 2000
100 2000
500 700
500 200
500 100
500 200
500 600
500 200
100 1900
100 100
400 900
400 1100
200 1800
200 200
500 500
500 600
500 200
500 700
700 100
700 900
700 100
700 100
700 300
700 200
700 200
700 100
100 1500
100 200
100 300
200 2000
100 2000
100 2000
200 2000
100 2000
100 2000
100 2000
100 2000
100 2000
500 500
500 200
500 100
500 200
500 300
500 200
500 100
500 400
200 1800
200 200
300 2000
200 2000
200 100
200 400
200 100
200 200
200 1200
1000 300
1000 200
1000 100
1000 300
1000 100
1000 600
1000 400
200 1600
200 100
200 200
200 100
400 800
400 200
400 900
400 100
200 400
200 100
200 1500
400 2000
600 1100
600 300
600 100
600 100
600 400
200 400
200 1500
200 100
400 1000
400 200
400 500
400 300
100 400
100 1200
100 300
100 100
300 2000
100 2000
100 2000
100 2000
200 1700
200 300
200 2000
100 2000
700 900
700 1100
400 700
400 800
400 100
400 400
100 100
100 800
100 200
100 500
100 200
100 200
100 200
100 200
100 100
100 100
100 100
100 700
100 100
100 100
100 300
100 100
700 2000
400 2000
500 200
500 200
500 500
500 200
500 100
500 100
500 100
500 300
500 300
100 2000
300 2000
300 2000
100 1900
100 100
100 600
100 1400
100 300
100 1500
100 200
100 2000
300 100
300 1900
100 2000
400 2000
100 1600
100 100
100 300
200 2000
100 2000
100 2000
100 2000
100 2000
100 2000
100 2000
100 2000
200 2000
300 100
300 300
300 200
300 100
300 100
300 100
300 300
300 300
300 400
300 100
200 2000
700 2000
100 1500
100 500
100 1600
100 400
200 2000
100 2000
100 2000
100 2000
100 2000
200 2000
100 2000
100 2000
100 2000
100 2000
100 200
100 400
100 700
100 100
100 500
100 100
100 1900
100 100
600 2000
200 2000
200 100
200 1500
200 400
100 600
100 300
100 600
100 100
100 400
400 2000
100 2000
300 2000
100 2000
200 400
200 1600
900 100
900 400
900 400
900 500
900 200
900 300
900 100
100 1700
100 200
100 100
100 2000
100 1700
100 300
100 2000
100 2000
100 2000
100 2000
100 2000
100 2000
100 2000
100 2000
200 2000
200 2000
100 500
100 400
100 1000
100 100
400 1500
400 500
100 2000
100 2000
100 2000
100 2000
100 2000
200 100
200 1900
200 200
200 500
200 1300
100 2000
100 2000
100 2000
100 2000
200 2000
100 2000
100 2000
400 300
400 300
400 100
400 200
400 200
400 100
400 100
400 200
400 100
400 300
400 100
800 2000
500 100
500 400
500 200
500 200
500 200
500 300
500 400
500 200
100 900
100 1100
300 2000
300 2000
400 100
400 1900
300 800
300 300
300 900
200 300
200 300
200 200
200 700
200 100
200 400
300 2000
100 200
100 1200
100 600
200 2000
100 900
100 1100
200 2000
100 2000
200 2000
100 2000
100 2000
100 2000
200 500
200 200
200 200
200 700
200 400
100 800
100 400
100 800
300 2000
200 2000
100 2000
300 2000
100 2000
100 2000
100 2000
100 2000
100 2000
100 2000
100 2000
100 2000
100 2000
100 2000
100 2000
100 2000
200 100
200 100
200 100
200 800
200 900
700 100
700 100
700 900
700 100
700 400
700 400
300 2000
100 200
100 600
100 400
100 800
200 200
200 1800
200 2000
200 2000
200 2000
100 2000
100 2000
100 2000
200 300
200 900
200 500
200 300
300 900
300 1000
300 100
300 400
300 1600
300 1800
300 200
100 2000
600 400
600 500
600 1000
600 100
600 300
600 400
600 500
600 100
600 200
600 200
600 200
600 100
800 100
800 200
800 500
800 400
800 100
800 300
800 100
800 200
800 100
100 2000
100 2000
200 2000
100 2000
100 2000
100 1800
100 200
200 2000
100 2000
100 2000
100 2000
100 2000
100 2000
100 2000
100 2000
100 400
100 1600
100 2000
200 2000
100 500
100 1500
100 2000
100 2000
100 2000
200 2000
100 2000
100 2000
200 400
200 700
200 100
200 100
200 700
700 300
700 1700
100 600
100 500
100 900
200 100
200 1900
500 300
500 600
500 100
500 200
500 100
500 100
500 100
500 100
500 200
500 200
100 2000
600 2000
100 1200
100 300
100 500
600 400
600 400
600 200
600 700
600 300
400 100
400 1900
100 1100
100 900
500 900
500 1100
700 100
700 300
700 100
700 500
700 100
700 100
700 100
700 300
700 200
700 200
100 2000
100 2000
100 2000
100 2000
100 2000
100 2000
100 2000
100 2000
100 2000
100 2000
100 2000
100 2000
100 500
100 1500
100 900
100 1100
300 500
300 700
300 800
100 2000
400 2000
100 2000
100 1100
100 900
200 400
200 1600
100 2000
300 500
300 1400
300 100
100 800
100 1200
100 2000
100 2000
100 2000
200 2000
700 500
700 500
700 300
700 100
700 100
700 500
500 100
500 600
500 1000
500 100
500 100
500 100
100 300
100 500
100 100
100 1000
100 100
200 600
200 1200
200 200
100 2000
100 2000
500 2000
200 2000
500 900
500 200
500 100
500 100
500 100
500 100
500 100
500 100
500 300
700 1000
700 400
700 600
400 600
400 1400
300 900
300 100
300 300
300 200
300 200
300 300
500 300
500 100
500 300
500 1300
100 2000
100 2000
100 2000
100 2000
100 2000
100 2000
100 2000
100 2000
100 2000
100 2000
100 2000
100 2000
700 100
700 1900
100 200
100 200
100 900
100 700
300 800
300 300
300 300
300 300
300 300
100 2000
200 200
200 200
200 700
200 300
200 200
200 400
100 800
100 1200
100 2000
300 2000
100 2000
400 2000
100 2000
100 2000
100 2000
100 2000
100 2000
100 2000
100 2000
100 2000
100 2000
100 2000
100 2000
100 2000
800 200
800 100
800 100
800 500
800 200
800 500
800 100
800 100
800 200
400 900
400 100
400 1000
100 2000
100 2000
100 2000
100 2000
100 2000
100 2000
100 2000
100 2000
100 2000
100 2000
100 2000
100 2000
600 100
600 100
600 100
600 100
600 200
600 200
600 100
600 100
600 900
600 100
600 1500
600 500
100 1400
100 600
100 2000
100 2000
100 2000
100 2000
100 2000
100 2000
100 2000
100 2000
100 2000
200 2000
200 2000
100 200
100 300
100 400
100 100
100 1000
100 2000
100 2000
200 2000
200 2000
200 2000
100 2000
100 100
100 100
100 300
100 300
100 300
100 600
100 100
100 200
300 2000
300 2000
100 2000
400 2000
100 500
100 1000
100 200
100 300
100 2000
100 2000
100 2000
100 2000
400 2000
100 2000
100 2000
100 2000
200 500
200 200
200 700
200 300
200 300
200 2000
100 2000
200 2000
200 2000
100 2000
100 2000
100 2000
100 2000
100 2000
100 2000
100 2000
100 2000
100 2000
100 2000
100 2000
100 2000
100 2000
100 2000
100 2000
100 500
100 1500
100 200
100 1400
100 400
200 100
200 1900
400 2000
100 2000
100 2000
100 2000
100 2000
600 200
600 1800
100 500
100 200
100 100
100 300
100 100
100 100
100 300
100 400
500 1300
500 700
